  3                        3                       -5                       -3                        2                       -0.013611469072164949
  3                        4                       -4                       -3                        3                       -0.005960051546391752
  3                        2                       -6                       -2                        1                       -0.022148840206185568
  3                        1                       -7                       -1                        1                       -0.021987757731958765
  4                        2                       -7                       -1                        1                       -0.019368489583333332
  3                        1                       -7                       -3                        1                       -0.014175257731958763
  2                        3                       -7                       -2                        1                       -0.02516025641025641
  1                        4                       -7                       -2                        1                       -0.029887820512820514
  2                        2                       -7                       -1                        1                       -0.02548076923076923
  1                        4                       -7                       -3                        1                       -0.02107371794871795
  1                        4                       -7                       -1                        2                       -0.028125
  1                        1                       -7                       -2                        1                       -0.022596153846153846
