  3                        3                       -5                       -3                        2                      -0.9027443910256411
  3                        4                       -4                       -3                        3                      -0.7715344551282052
  3                        2                       -6                       -2                        1                      -0.9309895833333334
  3                        1                       -7                       -1                        1                      -0.9310897435897436
  3                        1                       -7                       -1                        3                      -0.9373998397435898
  3                        1                       -7                       -1                        5                      -0.9140625
  3                        2                       -6                       -3                        3                      -0.7767427884615384
  3                        1                       -6                       -1                        5                      -0.913261217948718
  3                        1                       -7                       -1                        4                      -0.922676282051282
  3                        3                       -4                       -3                        2                      -0.9002403846153846
  4                        4                       -7                       -1                        2                      -0.9305889423076923
  3                        4                       -7                       -3                        4                      -0.9296875
  2                        1                       -7                       -1                        2                      -0.9317908653846154
  3                        1                       -4                       -1                        1                      -0.9323918269230769
  2                        1                       -5                       -1                        1                      -0.9350961538461539
  3                        3                       -7                       -1                        3                      -0.9345953525641025
  2                        1                       -5                       -1                        3                      -0.9387019230769231
  1                        1                       -4                       -1                        3                      -0.9344951923076923
  3                        4                       -7                       -3                        1                      -0.9028445512820513
  1                        1                       -5                       -1                        4                      -0.9036458333333334
  3                        2                       -6                       -2                        2                       -0.9311899038461539
  1                        1                       -5                       -1                        3                       -0.9352964743589743
  4                        1                       -4                       -1                        4                       -0.9237780448717948
  1                        1                       -4                       -1                        1                       -0.9329927884615384
  2                        1                       -4                       -1                        3                       -0.9371995192307693
  2                        1                       -4                       -3                        3                       -0.8106971153846154
  1                        2                       -4                       -1                        5                       -0.9130608974358975
  1                        1                       -7                       -1                        1                       -0.9280849358974359
  1                        3                       -5                       -3                        1                       -0.9293870192307693
  2                        1                       -6                       -1                        3                       -0.9373998397435898
  3                        1                       -6                       -1                        3                       -0.9354967948717948
  2                        1                       -4                       -1                        2                       -0.9317908653846154
  2                        2                       -5                       -1                        3                       -0.9420072115384616
  2                        4                       -5                       -1                        3                       -0.9367988782051282
  1                        4                       -7                       -1                        5                       -0.8808092948717948
  2                        3                       -4                       -1                        3                       -0.9358974358974359
  2                        1                       -7                       -1                        3                       -0.9354967948717948
  2                        4                       -6                       -1                        4                       -0.7380809294871795
  3                        1                       -6                       -1                        4                       -0.9140625
  2                        2                       -5                       -2                        3                       -0.9217748397435898
  1                        4                       -7                       -1                        1                       -0.9346955128205128
  3                        2                       -6                       -1.5                      2                       -0.9349959935897436
  3                        2                       -6                       -1.25                     2                       -0.9361979166666666
  3                        2                       -7                       -1.1000000000000000888    5                       -0.9125600961538461
  2                        1                       -5                       -1.0300000000000000266    2                       -0.9348958333333334
  1                        2                       -5                       -1                        3                       -0.9378004807692307
  2                        2                       -5                       -1.5                      3                       -0.9326923076923077
  2                        1                       -4                       -1.0100000000000000089    2                       -0.9345953525641025
  2                        3                       -5                       -1                        2                       -0.9331931089743589
  1                        4                       -4                       -1.25                     2                       -0.9345953525641025
  2                        2                       -6.2000000000000001776   -1.1000000000000000888    5                       -0.9089543269230769
  2                        1                       -5.2999999999999998224   -1.0300000000000000266    2                       -0.9370993589743589
  1                        1                       -4.9199999999999999289   -1                        4                       -0.8997395833333334
  3                        2                       -5.7300000000000004263   -1.1299999999999998934    2                       -0.9355969551282052
  2                        2                       -4.5                     -1                        3                       -0.9345953525641025
  2                        1                       -4.8799999999999998934   -1.1499999999999999112    3                       -0.9398036858974359
  2                        2                       -5.5                     -1.0400000000000000355    3                       -0.9337940705128205
  3                        2                       -5                       -1                        3                       -0.9356971153846154
  2                        2                       -5.0199999999999995737   -1                        2                       -0.9334935897435898
  1                        3                       -5.1200000000000001066   -1                        3                       -0.9389022435897436
  3                        2                       -5.2999999999999998224   -1.1499999999999999112    4                       -0.9011418269230769
  1                        3                       -4.7000000000000001776   -1.0300000000000000266    4                       -0.7853565705128205
  2                        1                       -5.1500000000000003553   -1.0300000000000000266    3                       -0.9352964743589743
  2                        1                       -5.0099999999999997868   -1                        3                       -0.9355969551282052
  2                        2                       -5.2000000000000001776   -1                        2                       -0.9373998397435898
  1                        2                       -5.0400000000000000355   -1.0400000000000000355    3                       -0.9360977564102564
  2                        2                       -4.8799999999999998934   -1.0300000000000000266    2                       -0.9321915064102564
  2                        2                       -5.1200000000000001066   -1.1000000000000000888    3                       -0.9346955128205128
  2                        3                       -4.9900000000000002132   -1                        4                       -0.8784054487179487
  1                        1                       -5.2000000000000001776   -1.1000000000000000888    1                       -0.9373998397435898
  1                        2                       -4.7999999999999998224   -1.0600000000000000533    4                       -0.8973357371794872
  2                        2                       -5.0999999999999996447   -1.0149999999999999023    3                       -0.9358974358974359
  2                        1                       -5.0099999999999997868   -1.0066999999999999282    3                       -0.9349959935897436
  3                        2                       -5.0300000000000002487   -1.0199000000000000288    3                       -0.9339943910256411
  2                        2                       -5.0700000000000002842   -1                        2                       -0.9291866987179487
  2                        2                       -5.0700000000000002842   -1.0484999999999999876    2                       -0.9363982371794872
  2                        2                       -4.9000000000000003553   -1.0013000000000000789    2                       -0.9338942307692307
  2                        3                       -5.0199999999999995737   -1                        5                       -0.9153645833333334
  3                        1                       -5.0999999999999996447   -1.0400000000000000355    5                       -0.9208733974358975
  2                        2                       -5.0499999999999998224   -1.0072000000000000952    3                       -0.9356971153846154
  2                        2                       -4.9500000000000001776   -1                        3                       -0.9351963141025641
  3                        1                       -5.0232000000000001094   -1.0028999999999999027    2                       -0.9354967948717948
  1                        1                       -4.9865000000000003766   -1.0152000000000001023    3                       -0.9398036858974359
  2                        2                       -4.992200000000000415    -1.00869999999999993      2                       -0.9332932692307693
  2                        4                       -4.9904000000000001691   -1                        4                       -0.7787459935897436
  1                        4                       -5.0049000000000001265   -1.0199000000000000288    1                       -0.9332932692307693
  1                        2                       -4.9725999999999999091   -1                        4                       -0.8929286858974359
  2                        2                       -5.0457000000000000739   -1.0258000000000000451    3                       -0.9341947115384616
  1                        1                       -4.982099999999999973    -1.0097000000000000419    3                       -0.932792467948718
  2                        1                       -5.009400000000000297    -1                        3                       -0.9337940705128205
  3                        1                       -4.9800000000000004263   -1                        3                       -0.934395032051282
  3                        1                       -5.0125999999999999446   -1.0100000000000000089    3                       -0.9336939102564102
  2                        2                       -4.9961999999999999744   -1.0020999999999999908    2                       -0.9308894230769231
  2                        4                       -5.0415000000000000924   -1                        4                       -0.0999599358974359
  3                        1                       -4.9800000000000004263   -1.0100000000000000089    5                       -0.9232772435897436
  1                        2                       -4.9874000000000000554   -1.0191799999999999748    4                       -0.8244190705128205
  2                        1                       -5.0143000000000004235   -1.0069699999999999207    3                       -0.9340945512820513
  2                        2                       -4.9984000000000001762   -1.0049999999999998934    3                       -0.9334935897435898
